label, neighbor, wall area
1,2,10.0533
1,4,27.4779
1,7,19.5104
1,12,19.3744
1,13,21.9853
1,44,12.9424
1,45,21.7959
2,1,10.0533
2,4,5.74264
2,5,4.65001
2,44,17.639
2,52,12.9038
4,1,27.4779
4,2,5.74264
4,5,11.7782
4,7,19.8388
5,2,4.65001
5,4,11.7782
5,7,7.74264
5,8,9.1106
5,40,25.0904
5,52,20.007
5,53,15.107
7,1,19.5104
7,4,19.8388
7,5,7.74264
7,9,20.8995
7,11,5.94975
7,12,12.3817
7,23,14.4424
7,32,15.1746
8,5,9.1106
8,9,9.83923
8,39,15.7544
8,40,10.2543
8,60,7.1106
9,7,20.8995
9,8,9.83923
9,32,12.503
9,60,17.0249
11,7,5.94975
11,23,29.003
11,26,10.3891
11,29,12.0711
11,32,11.9069
12,1,19.3744
12,7,12.3817
12,13,11.1569
12,19,7.76777
12,23,18.2959
13,1,21.9853
13,12,11.1569
13,15,10.0178
13,47,9.53553
15,13,10.0178
15,19,11.2426
15,20,18.1495
19,12,7.76777
19,15,11.2426
19,20,6.01777
19,22,18.4424
19,23,9.19975
20,15,18.1495
20,19,6.01777
20,22,18.1924
22,19,18.4424
22,20,18.1924
22,23,19.4779
22,27,17.9853
22,75,5.74264
23,7,14.4424
23,11,29.003
23,12,18.2959
23,19,9.19975
23,22,19.4779
23,27,11.432
26,11,10.3891
26,27,7.32843
26,28,13.503
26,29,13.7782
27,22,17.9853
27,23,11.432
27,26,7.32843
27,28,17.6746
27,75,18.935
27,76,11.9675
28,26,13.503
28,27,17.6746
28,29,16.7782
28,76,19.3566
28,78,15.0282
28,79,6.56066
29,11,12.0711
29,26,13.7782
29,28,16.7782
29,34,13.7604
29,72,17.9779
29,79,6.0533
29,652,12.3891
32,7,15.1746
32,9,12.503
32,11,11.9069
32,34,7.94975
32,35,8.41421
32,36,21.0637
32,60,23.4424
34,29,13.7604
34,32,7.94975
34,35,21.4424
34,72,9.97487
35,32,8.41421
35,34,21.4424
35,36,13.8566
35,68,19.0815
35,72,11.2855
36,32,21.0637
36,35,13.8566
36,60,15.6066
39,8,15.7544
39,40,14.1651
39,58,15.3058
39,60,11.382
39,656,14.5178
40,5,25.0904
40,8,10.2543
40,39,14.1651
40,53,8.32393
44,1,12.9424
44,2,17.639
44,45,13.2604
44,52,7.09217
44,240,13.0426
44,241,17.7946
45,1,21.7959
45,44,13.2604
45,47,8.47487
47,13,9.53553
47,45,8.47487
49,53,17.7814
49,239,6.65165
49,241,24.2739
52,2,12.9038
52,5,20.007
52,44,7.09217
52,53,8.51162
53,5,15.107
53,40,8.32393
53,49,17.7814
53,52,8.51162
53,235,6.32843
53,236,5.91421
53,655,41.4381
55,59,9.44975
55,656,12.4497
55,657,23.5992
58,39,15.3058
58,59,22.2777
58,60,18.9536
59,55,9.44975
59,58,22.2777
59,60,20.5199
59,64,17.041
59,276,22.5815
59,657,11.9246
60,8,7.1106
60,9,17.0249
60,32,23.4424
60,36,15.6066
60,39,11.382
60,58,18.9536
60,59,20.5199
64,59,17.041
64,67,11.682
64,86,14.9026
64,87,23.6375
64,96,13.4165
67,64,11.682
67,68,8.59619
67,74,10.1924
67,96,13.0282
68,35,19.0815
68,67,8.59619
68,74,14.5104
72,29,17.9779
72,34,9.97487
72,35,11.2855
72,73,16.4675
72,652,13.6213
73,72,16.4675
73,74,21.1746
73,103,8.26041
73,652,26.2708
73,654,16.6924
74,67,10.1924
74,68,14.5104
74,73,21.1746
74,96,24.2635
74,103,12.2959
75,22,5.74264
75,27,18.935
75,76,20.2102
76,27,11.9675
76,28,19.3566
76,75,20.2102
76,78,18.1495
76,588,21.8315
78,28,15.0282
78,76,18.1495
78,79,15.6569
78,80,12.6317
78,82,11.8284
78,85,6.62132
79,28,6.56066
79,29,6.0533
79,78,15.6569
79,80,18.4528
79,652,21.0208
80,78,12.6317
80,79,18.4528
80,85,25.2279
80,127,16.1244
80,652,16.7604
80,653,13.8211
82,78,11.8284
82,587,15.614
82,588,10.2175
85,78,6.62132
85,80,25.2279
85,127,10.8891
85,128,9.27817
86,64,14.9026
86,87,9.08117
86,95,12.7209
86,96,22.3319
87,64,23.6375
87,86,9.08117
87,91,12.5748
87,277,8.65685
87,280,16.2782
91,87,12.5748
91,118,17.0282
95,86,12.7209
95,96,23.076
95,106,11.2616
95,107,9.14989
95,116,16.5582
95,118,9.62324
96,64,13.4165
96,67,13.0282
96,74,24.2635
96,86,22.3319
96,95,23.076
102,103,15.9602
102,105,16.5533
102,107,17.0208
102,108,13.7604
103,73,8.26041
103,74,12.2959
103,102,15.9602
103,105,6.76777
103,654,28.0208
105,102,16.5533
105,103,6.76777
105,108,14.7782
105,132,12.9853
106,95,11.2616
106,107,16.9836
106,112,13.0321
106,116,9.67748
107,95,9.14989
107,102,17.0208
107,106,16.9836
107,108,12.9926
107,109,12.8284
107,112,16.003
108,102,13.7604
108,105,14.7782
108,107,12.9926
108,109,23.9578
108,132,10.8891
108,171,9.53608
109,107,12.8284
109,108,23.9578
109,112,12.9495
109,122,13.1204
109,171,22.337
109,424,7.0533
109,650,13.9853
112,106,13.0321
112,107,16.003
112,109,12.9495
112,115,13.7615
112,120,14.6692
112,121,22.631
115,112,13.7615
115,116,6.80964
115,119,13.5953
115,120,11.8323
116,95,16.5582
116,106,9.67748
116,115,6.80964
116,119,12.9946
118,91,17.0282
118,95,9.62324
118,119,9.87132
118,280,12.5888
118,286,14.6317
118,287,22.1599
119,115,13.5953
119,116,12.9946
119,118,9.87132
119,120,9.72487
119,287,19.0459
119,288,25.3063
120,112,14.6692
120,115,11.8323
120,119,9.72487
120,121,5.16777
120,288,21.1627
120,414,14.7206
120,415,10.201
121,112,22.631
121,120,5.16777
121,122,12.5224
121,415,12.8927
121,423,12.5828
122,109,13.1204
122,121,12.5224
122,423,15.5483
122,424,19.185
127,80,16.1244
127,85,10.8891
127,128,26.3744
127,129,21.2959
127,130,16.7175
128,85,9.27817
128,127,26.3744
128,129,9.62132
128,586,21.1673
128,587,8.38909
129,127,21.2959
129,128,9.62132
129,130,24.0208
129,139,12.1317
129,146,16.3462
129,150,6.59619
129,594,9.28553
130,127,16.7175
130,129,24.0208
130,136,12.0104
130,139,8.46751
130,140,4.56066
130,653,11.682
131,132,19.6317
131,136,11.7604
131,653,6.86396
131,654,18.5815
132,105,12.9853
132,108,10.8891
132,131,19.6317
132,136,17.4069
132,165,7.60042
132,654,8.12132
136,130,12.0104
136,131,11.7604
136,132,17.4069
136,140,30.2057
136,143,14.1529
136,144,6.45049
139,129,12.1317
139,130,8.46751
139,140,17.1276
139,144,24.7274
139,150,18.4675
139,152,18.9574
139,158,6.40651
140,130,4.56066
140,136,30.2057
140,139,17.1276
140,144,9.08649
143,136,14.1529
143,144,21.0754
143,163,19.6952
143,165,16.5301
144,136,6.45049
144,139,24.7274
144,140,9.08649
144,143,21.0754
144,158,17.761
144,161,13.5637
144,163,22.0637
146,129,16.3462
146,147,10.3462
146,148,10.0711
146,150,6.88909
146,594,21.7604
146,595,14.6066
147,146,10.3462
147,148,21.3462
147,566,7.68198
147,595,10.864
147,673,6.13909
147,681,17.864
148,146,10.0711
148,147,21.3462
148,153,3.76777
148,673,14.9173
150,129,6.59619
150,139,18.4675
150,146,6.88909
150,152,18.6642
150,153,4.53553
152,139,18.9574
152,150,18.6642
152,153,13.2075
152,154,12.5256
152,156,9.13744
153,148,3.76777
153,150,4.53553
153,152,13.2075
153,154,5.7664
153,672,5.91695
153,673,13.1391
154,152,12.5256
154,153,5.7664
154,156,23.2334
154,672,28.6287
156,152,9.13744
156,154,23.2334
156,158,15.173
156,161,13.5282
156,181,11.0355
158,139,6.40651
158,144,17.761
158,156,15.173
158,161,12.5533
161,144,13.5637
161,156,13.5282
161,158,12.5533
161,176,6.06066
161,181,16.3921
163,143,19.6952
163,144,22.0637
163,165,14.9675
163,175,11.1213
165,132,7.60042
165,143,16.5301
165,163,14.9675
165,169,23.9025
165,171,12.0839
169,165,23.9025
169,171,14.4853
169,172,19.8566
169,173,2.45711
169,650,17.253
171,108,9.53608
171,109,22.337
171,165,12.0839
171,169,14.4853
171,650,16.2353
172,169,19.8566
172,173,16.6569
172,202,13.8211
172,427,13.0459
172,650,8.42462
173,169,2.45711
173,172,16.6569
173,174,15.9602
173,202,13.003
174,173,15.9602
174,175,20.2886
174,187,10.4675
174,202,19.1924
175,163,11.1213
175,174,20.2886
175,176,11.9142
175,187,17.5888
176,161,6.06066
176,175,11.9142
176,181,15.0711
176,183,15.7353
176,187,10.4069
176,188,10.0784
180,181,13.2249
180,186,28.2782
180,191,19.9173
180,192,7.46751
180,194,15.7782
180,195,13.6066
181,156,11.0355
181,161,16.3921
181,176,15.0711
181,180,13.2249
181,183,9.93198
181,186,14.003
183,176,15.7353
183,181,9.93198
183,188,16.0637
183,189,10.1317
186,180,28.2782
186,181,14.003
186,189,13.6317
186,190,19.2604
186,195,14.364
187,174,10.4675
187,175,17.5888
187,176,10.4069
187,188,32.4779
187,196,10.8817
187,197,15.0962
187,205,13.2604
188,176,10.0784
188,183,16.0637
188,187,32.4779
188,189,19.4069
188,196,13.8817
188,219,11.6495
189,183,10.1317
189,186,13.6317
189,188,19.4069
189,190,19.8388
189,219,13.4926
189,220,12.503
190,186,19.2604
190,189,19.8388
190,195,14.7708
190,220,14.4173
190,222,16.364
190,223,9.26777
191,180,19.9173
191,192,16.2855
191,195,6.18198
191,571,17.185
191,675,13.4069
192,180,7.46751
192,191,16.2855
192,194,10.6997
192,569,12.6569
192,675,13.6997
194,180,15.7782
194,192,10.6997
194,569,13.1127
194,672,6.88177
195,180,13.6066
195,186,14.364
195,190,14.7708
195,191,6.18198
195,222,7.18198
195,571,18.7782
196,187,10.8817
196,188,13.8817
196,197,33.8566
196,217,9.38909
196,219,20.6495
196,232,21.3848
197,187,15.0962
197,196,33.8566
197,205,22.3063
197,206,19.3211
197,217,8.92462
202,172,13.8211
202,173,13.003
202,174,19.1924
202,203,17.6746
202,204,6.22487
202,427,11.6924
202,429,11.9749
202,531,16.2353
203,202,17.6746
203,204,29.3241
203,206,11.9853
203,207,9.82843
203,208,27.6274
203,531,22.3817
204,202,6.22487
204,203,29.3241
204,205,17.5533
204,206,16.4675
205,187,13.2604
205,197,22.3063
205,204,17.5533
205,206,9.76041
206,197,19.3211
206,203,11.9853
206,204,16.4675
206,205,9.76041
206,207,22.435
206,213,14.9424
207,203,9.82843
207,206,22.435
207,208,9.41421
207,213,10.5355
208,203,27.6274
208,207,9.41421
208,209,15.1495
208,530,23.2279
208,531,13.8995
209,208,15.1495
209,527,8.49264
209,530,12.864
213,206,14.9424
213,207,10.5355
213,218,9.78553
213,527,14.3817
213,550,10.9853
213,686,12.7604
217,196,9.38909
217,197,8.92462
217,218,18.6569
217,232,28.9957
217,522,17.3315
217,523,7.88909
218,213,9.78553
218,217,18.6569
218,522,10.1746
218,550,18.3744
219,188,11.6495
219,189,13.4926
219,196,20.6495
219,220,21.3033
219,229,5.91421
219,232,8.49264
220,189,12.503
220,190,14.4173
220,219,21.3033
220,223,24.0459
220,556,7.74264
222,190,16.364
222,195,7.18198
222,563,4.82843
222,576,5.34619
222,579,26.0637
223,190,9.26777
223,220,24.0459
223,556,7.84619
227,556,7.3033
227,561,12.1066
229,219,5.91421
229,232,24.2457
229,556,10.9926
232,196,21.3848
232,217,28.9957
232,219,8.49264
232,229,24.2457
232,559,6.90685
235,53,6.32843
235,236,22.4424
235,251,19.0208
235,261,22.9779
235,655,13.2175
236,53,5.91421
236,235,22.4424
236,251,12.3033
239,49,6.65165
239,240,25.4779
239,241,14.0584
239,251,5.81066
240,44,13.0426
240,239,25.4779
240,241,20.5417
241,44,17.7946
241,49,24.2739
241,239,14.0584
241,240,20.5417
246,247,20.8817
246,251,12.0533
247,246,20.8817
247,251,19.2279
251,235,19.0208
251,236,12.3033
251,239,5.81066
251,246,12.0533
251,247,19.2279
251,252,10.6746
251,256,10.3284
252,251,10.6746
252,256,7.24264
252,258,10.432
252,261,5.60355
254,255,22.5459
254,256,26.4853
254,257,20.3921
254,258,10.9497
255,254,22.5459
255,257,11.1924
255,258,10.864
255,337,11.5711
255,340,31.0992
255,342,19.6066
255,344,7.57843
256,251,10.3284
256,252,7.24264
256,254,26.4853
256,257,15.5459
256,336,15.5962
257,254,20.3921
257,255,11.1924
257,256,15.5459
257,336,8.47487
258,252,10.432
258,254,10.9497
258,255,10.864
258,261,15.5459
258,344,22.5312
261,235,22.9779
261,252,5.60355
261,258,15.5459
261,262,19.3315
261,266,10.3033
261,267,7.72487
261,344,10.9926
262,261,19.3315
262,266,12.8388
262,344,12.6495
266,261,10.3033
266,262,12.8388
266,267,16.0962
266,271,14.9069
266,325,14.7708
267,261,7.72487
267,266,16.0962
267,271,13.7102
267,272,16.0711
267,655,18.1317
271,266,14.9069
271,267,13.7102
271,272,18.5637
271,274,9.16421
271,324,9.78553
271,325,15.4602
272,267,16.0711
272,271,18.5637
272,655,14.9173
272,656,19.3033
272,657,10.364
274,271,9.16421
274,319,20.5784
274,320,15.9602
274,657,15.3388
276,59,22.5815
276,277,32.913
276,319,7.61396
276,657,20.1495
277,87,8.65685
277,276,32.913
277,278,25.253
277,280,14.1569
277,319,4.16421
278,277,25.253
278,280,8.3033
278,281,8.40685
280,87,16.2782
280,118,12.5888
280,277,14.1569
280,278,8.3033
280,281,19.1673
280,282,19.5637
280,286,6.5
281,278,8.40685
281,280,19.1673
281,282,18.2782
281,313,10.5784
281,314,12.5104
282,280,19.5637
282,281,18.2782
282,283,17.0784
282,302,14.0282
282,303,10.864
282,304,13.4926
282,313,12.7353
283,282,17.0784
283,287,15.2855
283,290,7.12132
283,296,20.2353
283,302,14.4926
283,660,13.7782
286,118,14.6317
286,280,6.5
286,287,15.7102
287,118,22.1599
287,119,19.0459
287,283,15.2855
287,286,15.7102
287,288,9.28553
288,119,25.3063
288,120,21.1627
288,287,9.28553
288,290,17.1317
288,295,15.2352
288,414,14.9085
290,283,7.12132
290,288,17.1317
290,295,7.75439
290,660,21.1746
293,295,6.82678
293,405,26.1356
293,406,17.3157
293,413,13.816
293,660,18.7943
293,666,24.2165
295,288,15.2352
295,290,7.75439
295,293,6.82678
295,413,14.1899
295,414,19.2549
296,283,20.2353
296,302,11.3817
296,660,12.5888
300,302,25.3921
300,306,15.5459
300,401,21.5459
300,666,16.5104
302,282,14.0282
302,283,14.4926
302,296,11.3817
302,300,25.3921
302,304,13.0533
302,305,6.19975
302,306,6.41421
303,282,10.864
303,304,20.9497
303,308,16.0459
303,310,12.2175
303,313,12.9853
304,282,13.4926
304,302,13.0533
304,303,20.9497
304,305,8.09619
304,308,10.5282
305,302,6.19975
305,304,8.09619
305,306,12.2782
305,307,6.81066
305,308,13.7353
306,300,15.5459
306,302,6.41421
306,305,12.2782
306,307,16.7457
306,391,10.5178
306,401,15.0355
307,305,6.81066
307,306,16.7457
307,308,12.9246
307,391,21.4424
307,664,16.5386
308,303,16.0459
308,304,10.5282
308,305,13.7353
308,307,12.9246
308,310,11.0784
308,663,16.685
308,664,14.8033
310,303,12.2175
310,308,11.0784
310,314,22.4853
310,331,11.1391
310,333,12.6997
310,663,10.8891
313,281,10.5784
313,282,12.7353
313,303,12.9853
313,314,11.5784
314,281,12.5104
314,310,22.4853
314,313,11.5784
314,331,15.8137
319,274,20.5784
319,276,7.61396
319,277,4.16421
319,320,7.18198
319,657,14.3995
320,274,15.9602
320,319,7.18198
320,324,9.34619
320,328,14.8817
320,331,13.1317
324,271,9.78553
324,320,9.34619
324,325,17.1642
324,326,6.19975
324,328,10.432
325,266,14.7708
325,271,15.4602
325,324,17.1642
325,326,28.7708
325,345,11.5533
326,324,6.19975
326,325,28.7708
326,328,12.1213
326,345,11.2426
326,348,9.21751
326,349,21.3063
328,320,14.8817
328,324,10.432
328,326,12.1213
328,331,16.8713
328,349,21.3137
331,310,11.1391
331,314,15.8137
331,320,13.1317
331,328,16.8713
331,351,12.364
331,381,12.114
333,310,12.6997
333,380,22.185
333,381,10.4571
333,663,16.5962
336,256,15.5962
336,257,8.47487
336,337,9.90685
337,255,11.5711
337,336,9.90685
337,339,20.2959
337,340,10.8462
339,337,20.2959
339,340,20.7028
339,353,16.0711
339,357,21.7457
340,255,31.0992
340,337,10.8462
340,339,20.7028
340,342,11.5711
340,352,19.8995
340,353,17.1391
342,255,19.6066
342,340,11.5711
342,343,10.6569
342,344,17.6924
343,342,10.6569
343,344,9.72487
343,345,19.7959
343,347,23.9779
343,352,6.5533
344,255,7.57843
344,258,22.5312
344,261,10.9926
344,262,12.6495
344,342,17.6924
344,343,9.72487
344,345,23.7886
345,325,11.5533
345,326,11.2426
345,343,19.7959
345,344,23.7886
345,347,11.2426
347,343,23.9779
347,345,11.2426
347,348,18.364
347,352,14.8891
347,363,20.0386
347,367,7.99264
348,326,9.21751
348,347,18.364
348,349,15.8462
348,367,19.8211
348,369,12.3817
349,326,21.3063
349,328,21.3137
349,348,15.8462
349,369,17.8817
349,377,19.4779
351,331,12.364
351,376,7.43198
351,377,4.82843
351,381,15.3817
352,340,19.8995
352,343,6.5533
352,347,14.8891
352,353,17.7708
352,354,7.62132
353,339,16.0711
353,340,17.1391
353,352,17.7708
353,354,10.6997
353,356,27.117
353,357,21.6997
353,358,8.90685
354,352,7.62132
354,353,10.6997
354,360,9.56066
354,362,8.59619
356,353,27.117
356,358,22.3211
356,359,19.0459
356,360,20.2782
357,339,21.7457
357,353,21.6997
357,358,19.1066
358,353,8.90685
358,356,22.3211
358,357,19.1066
358,359,22.1495
359,356,19.0459
359,358,22.1495
359,360,9.88173
359,521,23.2457
360,354,9.56066
360,356,20.2782
360,359,9.88173
360,362,21.5992
360,514,4.51777
360,521,19.9602
362,354,8.59619
362,360,21.5992
362,363,17.5637
362,367,12.6924
362,368,16.0888
362,514,14.8033
363,347,20.0386
363,362,17.5637
363,367,18.9926
367,347,7.99264
367,348,19.8211
367,362,12.6924
367,363,18.9926
367,368,26.4602
367,369,11.932
368,362,16.0888
368,367,26.4602
368,369,9.77817
368,370,14.3388
368,372,15.9602
368,512,19.8995
368,514,23.7102
368,671,19.1066
369,348,12.3817
369,349,17.8817
369,367,11.932
369,368,9.77817
369,370,22.9099
369,377,12.3713
370,368,14.3388
370,369,22.9099
370,372,13.3033
370,377,7.18198
372,368,15.9602
372,370,13.3033
372,373,10.0607
372,376,10.8211
372,377,9.38909
372,507,18.753
372,671,16.4853
373,372,10.0607
373,375,13.0459
373,376,23.9173
373,380,18.3744
373,381,5.56066
373,505,15.9853
375,373,13.0459
375,505,20.4173
375,507,13.8891
376,351,7.43198
376,372,10.8211
376,373,23.9173
376,377,26.2102
376,381,17.1317
377,349,19.4779
377,351,4.82843
377,369,12.3713
377,370,7.18198
377,372,9.38909
377,376,26.2102
380,333,22.185
380,373,18.3744
380,381,20.685
380,382,12.8817
380,384,19.0992
380,663,5.03553
381,331,12.114
381,333,10.4571
381,351,15.3817
381,373,5.56066
381,376,17.1317
381,380,20.685
382,380,12.8817
382,383,22.3566
382,384,10.9246
382,505,6.44975
383,382,22.3566
383,384,13.0784
383,387,11.9497
383,388,21.1244
383,505,17.614
384,380,19.0992
384,382,10.9246
384,383,13.0784
384,664,9.68198
387,383,11.9497
387,388,18.0711
387,390,19.3315
387,391,14.9853
387,664,17.6495
388,383,21.1244
388,387,18.0711
388,389,4.20711
388,390,13.4246
388,500,31.2102
388,502,10.9497
389,388,4.20711
389,390,27.2457
389,394,10.2678
389,485,15.2353
390,387,19.3315
390,388,13.4246
390,389,27.2457
390,391,33.9277
390,392,14.4424
390,394,14.9246
391,306,10.5178
391,307,21.4424
391,387,14.9853
391,390,33.9277
391,392,14.7175
391,401,14.6495
391,664,17.0459
392,390,14.4424
392,391,14.7175
392,396,23.7886
392,399,9.33411
392,400,18.1782
392,401,32.1097
394,389,10.2678
394,390,14.9246
394,485,15.9853
394,487,17.6569
396,392,23.7886
396,398,8.45746
396,487,7.63909
396,489,24.6107
398,396,8.45746
398,399,14.2097
398,489,12.9403
398,497,15.6866
399,392,9.33411
399,398,14.2097
399,400,17.4342
399,403,17.2181
399,468,18.1398
399,497,16.0049
400,392,18.1782
400,399,17.4342
400,401,11.5533
400,403,33.8157
400,404,10.207
400,405,19.2642
401,300,21.5459
401,306,15.0355
401,391,14.6495
401,392,32.1097
401,400,11.5533
401,666,16.4497
403,399,17.2181
403,400,33.8157
403,404,12.2855
403,464,13.9675
403,468,26.6599
404,400,10.207
404,403,12.2855
404,405,16.1869
404,409,4.87132
405,293,26.1356
405,400,19.2642
405,404,16.1869
405,406,12.6762
405,409,7.72487
406,293,17.3157
406,405,12.6762
406,412,10.0355
406,413,24.6352
409,404,4.87132
409,405,7.72487
409,412,11.7426
409,444,7.11396
409,464,19.9602
412,406,10.0355
412,409,11.7426
412,413,18.5888
412,420,15.1924
412,441,13.9069
412,444,23.8137
412,679,13.0282
413,293,13.816
413,295,14.1899
413,406,24.6352
413,412,18.5888
413,414,21.0889
413,420,15.6673
414,120,14.7206
414,288,14.9085
414,295,19.2549
414,413,21.0889
414,415,21.0297
414,420,12.0533
415,120,10.201
415,121,12.8927
415,414,21.0297
415,423,17.0256
420,412,15.1924
420,413,15.6673
420,414,12.0533
420,679,20.1066
420,680,11.8995
422,423,25.4404
422,433,23.1935
422,439,14.359
422,680,22.8211
423,121,12.5828
423,122,15.5483
423,415,17.0256
423,422,25.4404
423,424,24.3415
423,426,6.34619
423,433,9.07092
424,109,7.0533
424,122,19.185
424,423,24.3415
424,426,21.0282
424,427,6.13909
424,650,25.867
426,423,6.34619
426,424,21.0282
426,427,11.4497
426,429,7.65685
426,433,12.1495
427,172,13.0459
427,202,11.6924
427,424,6.13909
427,426,11.4497
427,429,20.0208
429,202,11.9749
429,426,7.65685
429,427,20.0208
429,432,8.34619
429,531,15.864
432,429,8.34619
432,433,9.13173
432,437,7.78553
432,531,12.8566
433,422,23.1935
433,423,9.07092
433,426,12.1495
433,432,9.13173
433,437,11.9571
437,432,7.78553
437,433,11.9571
437,462,8.20261
439,422,14.359
439,680,12.7353
441,412,13.9069
441,442,28.9381
441,444,13.8713
441,452,4.32843
441,679,31.2916
442,441,28.9381
442,444,10.8284
442,446,13.7175
442,447,13.6997
442,456,16.5459
442,458,4.32843
444,409,7.11396
444,412,23.8137
444,441,13.8713
444,442,10.8284
444,446,14.7102
446,442,13.7175
446,444,14.7102
446,447,24.685
446,464,5.53553
447,442,13.6997
447,446,24.685
447,458,11.5888
447,459,22.7102
447,464,7.78553
447,474,13.4926
452,441,4.32843
456,442,16.5459
456,458,7.86396
458,442,4.32843
458,447,11.5888
458,456,7.86396
458,459,13.3891
459,447,22.7102
459,458,13.3891
459,473,12.4926
459,474,14.2855
462,437,8.20261
462,463,23.9692
462,530,8.71751
462,531,16.2959
463,462,23.9692
463,532,22.6324
463,535,10.1329
464,403,13.9675
464,409,19.9602
464,446,5.53553
464,447,7.78553
464,467,31.5386
464,468,10.3891
467,464,31.5386
467,468,16.8891
467,470,13.4069
467,472,17.3995
467,473,17.8995
467,474,9.84619
468,399,18.1398
468,403,26.6599
468,464,10.3891
468,467,16.8891
468,470,19.253
468,497,13.3388
470,467,13.4069
470,468,19.253
470,472,7.97487
470,499,15.2604
472,467,17.3995
472,470,7.97487
472,473,12.0104
472,482,13.6924
473,459,12.4926
473,467,17.8995
473,472,12.0104
473,474,23.9173
473,482,12.6391
474,447,13.4926
474,459,14.2855
474,467,9.84619
474,473,23.9173
482,472,13.6924
482,473,12.6391
482,499,12.7604
484,485,18.1673
484,501,9.78553
485,389,15.2353
485,394,15.9853
485,484,18.1673
485,487,9.47487
485,501,12.2426
487,394,17.6569
487,396,7.63909
487,485,9.47487
487,489,16.9448
487,490,19.0872
487,491,8.78553
489,396,24.6107
489,398,12.9403
489,487,16.9448
489,494,7.69114
489,497,13.8865
490,487,19.0872
490,491,20.664
490,494,5.76483
491,487,8.78553
491,490,20.664
494,489,7.69114
494,490,5.76483
494,496,14.574
494,497,11.9787
496,494,14.574
496,497,11.5776
496,498,20.1746
497,398,15.6866
497,399,16.0049
497,468,13.3388
497,489,13.8865
497,494,11.9787
497,496,11.5776
497,498,17.4246
498,496,20.1746
498,497,17.4246
498,499,20.753
499,470,15.2604
499,482,12.7604
499,498,20.753
500,388,31.2102
500,501,28.8315
500,502,18.5208
500,510,12.5962
501,484,9.78553
501,485,12.2426
501,500,28.8315
502,388,10.9497
502,500,18.5208
502,510,19.753
502,668,7.93198
505,373,15.9853
505,375,20.4173
505,382,6.44975
505,383,17.614
505,507,6.26777
505,668,15.8817
505,669,18.3033
506,507,19.2708
506,515,15.7604
506,519,10.682
506,668,6.44975
506,669,13.3388
507,372,18.753
507,375,13.8891
507,505,6.26777
507,506,19.2708
507,515,19.2604
507,516,8.74264
507,669,13.2959
507,671,14.2604
509,510,25.0711
509,519,26.1673
509,668,16.2959
510,500,12.5962
510,502,19.753
510,509,25.0711
510,668,24.5135
512,368,19.8995
512,513,17.9779
512,514,11.9069
512,516,21.7102
512,671,8.57107
513,512,17.9779
513,514,12.4497
513,516,23.7102
514,360,4.51777
514,362,14.8033
514,368,23.7102
514,512,11.9069
514,513,12.4497
515,506,15.7604
515,507,19.2604
515,516,7.91421
515,519,22.3995
516,507,8.74264
516,512,21.7102
516,513,23.7102
516,515,7.91421
519,506,10.682
519,509,26.1673
519,515,22.3995
519,668,12.0962
521,359,23.2457
521,360,19.9602
522,217,17.3315
522,218,10.1746
522,523,26.9675
522,524,22.5312
522,550,16.7426
522,610,7.99264
523,217,7.88909
523,522,26.9675
523,610,24.8995
524,522,22.5312
524,550,12.2426
524,551,7.37132
524,555,23.753
524,610,22.8817
524,611,16.7604
524,687,11.8566
527,209,8.49264
527,213,14.3817
527,549,12.6997
527,685,19.3744
527,686,16.6244
530,208,23.2279
530,209,12.864
530,462,8.71751
530,531,13.6997
530,685,5.93198
531,202,16.2353
531,203,22.3817
531,208,13.8995
531,429,15.864
531,432,12.8566
531,462,16.2959
531,530,13.6997
532,463,22.6324
532,535,26.1519
532,537,27.9775
532,640,20.8262
535,463,10.1329
535,532,26.1519
535,536,10.9246
535,685,18.3891
536,535,10.9246
536,542,19.9602
536,545,12.8211
536,549,17.1673
536,685,27.1673
537,532,27.9775
537,625,15.5717
537,640,11.2556
537,642,11.9607
542,536,19.9602
542,545,6.84619
542,642,20.7104
545,536,12.8211
545,542,6.84619
545,553,8.95711
545,554,14.6673
545,603,18.0711
549,527,12.6997
549,536,17.1673
549,551,17.5135
549,553,9.93198
549,685,11.8995
549,686,11.6746
549,687,16.7353
550,213,10.9853
550,218,18.3744
550,522,16.7426
550,524,12.2426
550,687,15.2886
551,524,7.37132
551,549,17.5135
551,552,16.9069
551,553,9.51777
551,555,21.5741
551,687,14.8713
552,551,16.9069
552,553,13.1244
552,554,18.8137
552,555,12.6317
552,607,9.16421
552,609,7.61396
553,545,8.95711
553,549,9.93198
553,551,9.51777
553,552,13.1244
553,554,14.6391
554,545,14.6673
554,552,18.8137
554,553,14.6391
554,603,14.4246
554,606,16.0962
554,607,9.73528
555,524,23.753
555,551,21.5741
555,552,12.6317
555,609,7.06066
555,611,16.5992
556,220,7.74264
556,223,7.84619
556,227,7.3033
556,229,10.9926
556,559,8.96751
559,232,6.90685
559,556,8.96751
559,560,12.8995
560,559,12.8995
561,227,12.1066
563,222,4.82843
563,564,33.185
563,579,7.88909
564,563,33.185
564,579,12.9926
564,580,9.94975
564,581,10.3211
564,582,26.7457
566,147,7.68198
566,569,14.7828
566,672,26.0703
566,673,27.0195
566,681,21.8921
569,192,12.6569
569,194,13.1127
569,566,14.7828
569,672,9.16402
571,191,17.185
571,195,18.7782
571,576,3.78553
571,675,7.69975
576,222,5.34619
576,571,3.78553
576,579,6.60355
576,580,14.114
579,222,26.0637
579,563,7.88909
579,564,12.9926
579,576,6.60355
579,580,13.1495
580,564,9.94975
580,576,14.114
580,579,13.1495
580,581,22.2959
581,564,10.3211
581,580,22.2959
581,582,13.9497
581,677,10.682
582,564,26.7457
582,581,13.9497
585,675,14.1495
585,677,24.2886
586,128,21.1673
586,587,7.59619
586,592,17.1066
586,594,8.43198
586,597,21.185
587,82,15.614
587,128,8.38909
587,586,7.59619
587,588,7.99264
587,589,7.5533
587,592,7.59619
588,76,21.8315
588,82,10.2175
588,587,7.99264
588,589,20.0784
589,587,7.5533
589,588,20.0784
592,586,17.1066
592,587,7.59619
592,597,7.11396
592,638,15.7782
594,129,9.28553
594,146,21.7604
594,586,8.43198
594,595,11.7604
594,596,11.8033
594,597,8.65685
595,146,14.6066
595,147,10.864
595,594,11.7604
595,596,11.6569
596,594,11.8033
596,595,11.6569
596,597,24.1673
596,638,4.95711
596,639,21.935
597,586,21.185
597,592,7.11396
597,594,8.65685
597,596,24.1673
597,638,12.7782
599,602,9.07025
599,612,19.0429
599,621,15.7211
599,646,12.6322
602,599,9.07025
602,603,14.0282
602,612,22.9775
602,635,18.3891
603,545,18.0711
603,554,14.4246
603,602,14.0282
606,554,16.0962
606,607,10.682
606,617,12.6569
607,552,9.16421
607,554,9.73528
607,606,10.682
607,609,15.9173
607,617,22.8137
609,552,7.61396
609,555,7.06066
609,607,15.9173
609,611,30.3241
610,522,7.99264
610,523,24.8995
610,524,22.8817
610,611,22.5888
611,524,16.7604
611,555,16.5992
611,609,30.3241
611,610,22.5888
612,599,19.0429
612,602,22.9775
612,635,7.47487
612,636,13.7782
612,646,19.7514
616,617,18.0711
616,635,9.36396
616,636,9.59619
617,606,12.6569
617,607,22.8137
617,616,18.0711
621,599,15.7211
621,645,7.41421
621,646,18.1587
623,625,15.753
623,641,10.8713
623,643,10.0711
623,644,15.0533
625,537,15.5717
625,623,15.753
625,641,8.44975
625,642,11.1722
625,643,17.6
635,602,18.3891
635,612,7.47487
635,616,9.36396
635,636,30.8241
636,612,13.7782
636,616,9.59619
636,635,30.8241
638,592,15.7782
638,596,4.95711
638,597,12.7782
638,639,18.4424
639,596,21.935
639,638,18.4424
640,532,20.8262
640,537,11.2556
640,641,21.2708
641,623,10.8713
641,625,8.44975
641,640,21.2708
642,537,11.9607
642,542,20.7104
642,625,11.1722
642,643,19.6488
643,623,10.0711
643,625,17.6
643,642,19.6488
643,644,24.6777
644,623,15.0533
644,643,24.6777
644,645,16.8388
645,621,7.41421
645,644,16.8388
645,646,13.9424
646,599,12.6322
646,612,19.7514
646,621,18.1587
646,645,13.9424
650,109,13.9853
650,169,17.253
650,171,16.2353
650,172,8.42462
650,424,25.867
652,29,12.3891
652,72,13.6213
652,73,26.2708
652,79,21.0208
652,80,16.7604
652,653,17.8492
652,654,9.94975
653,80,13.8211
653,130,11.682
653,131,6.86396
653,652,17.8492
653,654,29.6495
654,73,16.6924
654,103,28.0208
654,131,18.5815
654,132,8.12132
654,652,9.94975
654,653,29.6495
655,53,41.4381
655,235,13.2175
655,267,18.1317
655,272,14.9173
655,656,10.5178
656,39,14.5178
656,55,12.4497
656,272,19.3033
656,655,10.5178
656,657,14.7353
657,55,23.5992
657,59,11.9246
657,272,10.364
657,274,15.3388
657,276,20.1495
657,319,14.3995
657,656,14.7353
660,283,13.7782
660,290,21.1746
660,293,18.7943
660,296,12.5888
660,666,7.51777
663,308,16.685
663,310,10.8891
663,333,16.5962
663,380,5.03553
663,664,9.71751
664,307,16.5386
664,308,14.8033
664,384,9.68198
664,387,17.6495
664,391,17.0459
664,663,9.71751
666,293,24.2165
666,300,16.5104
666,401,16.4497
666,660,7.51777
668,502,7.93198
668,505,15.8817
668,506,6.44975
668,509,16.2959
668,510,24.5135
668,519,12.0962
668,669,19.867
669,505,18.3033
669,506,13.3388
669,507,13.2959
669,668,19.867
671,368,19.1066
671,372,16.4853
671,507,14.2604
671,512,8.57107
672,153,5.91695
672,154,28.6287
672,194,6.88177
672,566,26.0703
672,569,9.16402
672,673,13.4795
673,147,6.13909
673,148,14.9173
673,153,13.1391
673,566,27.0195
673,672,13.4795
675,191,13.4069
675,192,13.6997
675,571,7.69975
675,585,14.1495
675,677,10.9926
677,581,10.682
677,585,24.2886
677,675,10.9926
679,412,13.0282
679,420,20.1066
679,441,31.2916
679,680,19.0711
680,420,11.8995
680,422,22.8211
680,439,12.7353
680,679,19.0711
681,147,17.864
681,566,21.8921
685,527,19.3744
685,530,5.93198
685,535,18.3891
685,536,27.1673
685,549,11.8995
686,213,12.7604
686,527,16.6244
686,549,11.6746
686,687,9.57107
687,524,11.8566
687,549,16.7353
687,550,15.2886
687,551,14.8713
687,686,9.57107
