label, neighbor, wall area
4,887,41.7383
4,888,12.2782
6,7,29.4602
6,883,40.3492
7,6,29.4602
7,41,50.0269
7,45,21.5104
7,50,29.0815
7,883,39.3241
9,25,21.6607
9,34,15.0891
9,51,23.253
9,883,16.1066
9,896,21.7635
12,14,13.4497
12,16,19.2279
12,69,36.7132
14,12,13.4497
14,69,10.2175
14,906,12.1569
16,12,19.2279
16,68,21.6673
16,69,13.4246
16,897,14.1924
17,18,24.0962
17,75,20.6317
17,76,4.62132
17,78,14.4853
17,86,14.4853
17,98,35.0563
17,781,15.0962
18,17,24.0962
18,19,9.71751
18,23,22.9853
18,76,15.4497
18,98,13.8388
18,99,9.91421
19,18,9.71751
19,22,13.2175
19,23,6.53553
22,19,13.2175
22,23,24.4957
22,24,20.8137
22,25,34.8952
22,76,29.7886
22,896,32.617
23,18,22.9853
23,19,6.53553
23,22,24.4957
23,24,29.9099
23,99,8.92462
23,108,14.364
24,22,20.8137
24,23,29.9099
24,25,16.5946
24,27,46.9353
24,108,8.18198
25,9,21.6607
25,22,34.8952
25,24,16.5946
25,26,17.4784
25,27,9.52653
25,896,15.253
26,25,17.4784
26,27,18.9488
26,28,21.4957
26,51,7.57107
27,24,46.9353
27,25,9.52653
27,26,18.9488
27,28,29.2886
27,60,21.9602
27,61,16.0265
28,26,21.4957
28,27,29.2886
28,51,15.5459
28,58,9.77817
28,59,24.3388
28,60,15.9853
34,9,15.0891
34,887,16.5365
41,7,50.0269
41,43,14.3995
41,45,12.5104
43,41,14.3995
43,45,14.3995
45,7,21.5104
45,41,12.5104
45,43,14.3995
45,46,30.617
45,48,21.3995
45,49,23.253
45,50,13.8033
45,762,28.9099
46,45,30.617
46,280,6.32843
46,531,13.0962
46,762,31.6777
48,45,21.3995
48,49,46.5208
48,762,36.3848
48,763,20.5459
49,45,23.253
49,48,46.5208
49,50,23.3388
49,53,27.7028
49,168,17.364
49,760,12.3995
50,7,29.0815
50,45,13.8033
50,49,23.3388
50,51,41.0919
50,53,11.2782
50,883,29.3241
51,9,23.253
51,26,7.57107
51,28,15.5459
51,50,41.0919
51,760,14.7175
51,883,18.864
53,49,27.7028
53,50,11.2782
53,760,12.4853
58,28,9.77817
58,59,16.9497
58,60,23.1569
58,165,17.5459
58,758,32.3995
58,760,5.8033
59,28,24.3388
59,58,16.9497
59,760,27.435
60,27,21.9602
60,28,15.9853
60,58,23.1569
60,61,17.0208
60,165,11.3891
61,27,16.0265
61,60,17.0208
61,165,27.935
61,193,16.5088
62,87,17.5711
62,89,5.91421
68,16,21.6673
68,69,13.4246
68,78,11.1569
68,87,20.4749
68,897,26.5208
69,12,36.7132
69,14,10.2175
69,16,13.4246
69,68,13.4246
69,72,17.1066
69,75,14.3995
69,78,11.182
69,906,18.5208
72,69,17.1066
72,76,18.3137
72,893,9.65685
72,906,19.182
75,17,20.6317
75,69,14.3995
75,76,19.7782
76,17,4.62132
76,18,15.4497
76,22,29.7886
76,72,18.3137
76,75,19.7782
76,896,7.71751
78,17,14.4853
78,68,11.1569
78,69,11.182
86,17,14.4853
86,87,31.7132
86,781,14.4246
87,62,17.5711
87,68,20.4749
87,86,31.7132
87,89,13.3995
87,91,17.9749
87,93,9.65685
89,62,5.91421
89,87,13.3995
89,91,11.6317
89,908,21.4497
91,87,17.9749
91,89,11.6317
91,93,9.92462
91,473,11.2336
91,780,43.7706
91,908,48.5473
93,87,9.65685
93,91,9.92462
93,780,4.70711
93,781,21.9853
98,17,35.0563
98,18,13.8388
98,99,8.12132
98,781,34.7383
98,784,13.1066
99,18,9.91421
99,23,8.92462
99,98,8.12132
99,784,15.6213
103,122,16.1924
103,781,16.9853
105,106,14.9497
105,122,23.6713
105,475,11.4142
105,779,9.74264
105,780,43.8602
106,105,14.9497
106,125,22.935
106,141,19.0815
106,142,32.6569
106,426,5.56066
106,475,3.82843
106,907,18.3995
108,23,14.364
108,24,8.18198
108,114,11.6972
108,119,4.20711
114,108,11.6972
114,119,11.7426
114,164,9.49906
114,193,14.7336
119,108,4.20711
119,114,11.7426
119,122,10.7678
119,153,17.5962
119,164,28.6493
119,779,9.8033
119,784,17.3744
122,103,16.1924
122,105,23.6713
122,119,10.7678
122,779,34.9775
122,784,20.3388
125,106,22.935
125,142,17.6673
140,141,26.6673
140,420,16.0208
140,423,21.1569
140,785,9.12132
140,787,1.20711
140,907,22.8744
141,106,19.0815
141,140,26.6673
141,423,13.7279
141,426,26.3995
142,106,32.6569
142,125,17.6673
142,426,12.6066
142,428,18.2279
142,432,8.35355
142,792,15.6066
153,119,17.5962
153,161,25.4756
153,779,25.8122
160,161,12.0104
160,202,28.0208
160,432,21.8137
161,153,25.4756
161,160,12.0104
161,164,29.6757
161,200,9.71751
161,202,14.8284
161,779,13.8994
164,114,9.49906
164,119,28.6493
164,161,29.6757
164,190,13.0901
164,193,12.1981
164,775,10.1981
165,58,17.5459
165,60,11.3891
165,61,27.935
165,185,15.4602
165,193,11.1213
165,758,15.0459
165,774,45.2782
167,168,14.935
167,169,15.4853
167,170,25.8388
167,182,12.8284
167,758,33.0459
167,760,23.3137
168,49,17.364
168,167,14.935
168,169,24.0104
168,760,18.1924
169,167,15.4853
169,168,24.0104
169,170,26.5208
169,177,32.2028
169,763,27.3744
170,167,25.8388
170,169,26.5208
170,180,17.9246
170,182,10.0355
176,177,15.4142
176,242,34.117
176,771,7.53553
177,169,32.2028
177,176,15.4142
177,763,5.06066
177,768,18.6066
180,170,17.9246
180,185,30.8751
180,238,13.329
180,242,38.5668
182,167,12.8284
182,170,10.0355
182,185,18.1066
185,165,15.4602
185,180,30.8751
185,182,18.1066
185,221,16.0678
185,774,24.4602
190,164,13.0901
190,197,14.4948
190,774,11.6569
193,61,16.5088
193,114,14.7336
193,164,12.1981
193,165,11.1213
197,190,14.4948
197,774,21.8088
197,775,23.4827
200,161,9.71751
200,202,10.7782
200,204,5.67228
202,160,28.0208
202,161,14.8284
202,200,10.7782
202,203,11.3303
202,298,14.3137
202,432,16.5962
203,202,11.3303
203,204,17.4294
203,209,19.7433
203,304,7.46587
204,200,5.67228
204,203,17.4294
204,209,14.2891
209,203,19.7433
209,204,14.2891
209,225,25.7886
209,304,18.1317
209,326,15.8137
209,775,33.2175
221,185,16.0678
221,777,22.6509
221,778,12.8865
224,225,25.1673
224,227,13.7426
224,332,7.36396
224,739,16.6569
224,776,11.6317
224,777,22.3033
224,778,16.1066
225,209,25.7886
225,224,25.1673
225,326,16.4853
225,739,11.2175
225,775,10.9853
225,776,19.2678
227,224,13.7426
227,332,16.9853
236,245,18.0459
236,246,8.24264
236,778,10.6518
238,180,13.329
238,242,18.3711
238,778,20.8794
242,176,34.117
242,180,38.5668
242,238,18.3711
242,245,39.2956
242,771,20.1317
245,236,18.0459
245,242,39.2956
245,246,19.9602
245,753,14.2936
245,754,52.4378
245,771,16.6737
246,236,8.24264
246,245,19.9602
246,248,29.4099
246,332,17.7782
246,335,16.4749
246,336,8.42462
246,754,6.32843
246,778,0.707107
248,246,29.4099
248,271,28.8492
248,338,10.2426
248,339,17.1317
248,340,25.8744
248,754,17.9853
252,253,12.3284
252,752,30.3492
252,753,5.56066
252,769,13.182
253,252,12.3284
253,288,5.82843
253,752,34.6777
253,766,17.2782
253,768,32.8995
253,769,13.2782
256,756,27.9076
265,291,21.753
265,292,16.753
265,757,28.0815
271,248,28.8492
271,340,27.4853
271,754,16.1924
280,46,6.32843
280,531,26.7028
280,765,16.753
283,284,10.253
283,285,12.1317
283,288,7.76777
283,531,10.3891
284,283,10.253
284,288,17.9246
284,764,18.3388
284,765,19.7886
284,768,18.3891
285,283,12.1317
285,288,23.3995
285,766,22.8995
288,253,5.82843
288,283,7.76777
288,284,17.9246
288,285,23.3995
288,768,25.8137
291,265,21.753
291,292,18.2028
292,265,16.753
292,291,18.2028
292,293,15.2886
293,292,15.2886
293,343,13.1673
293,364,21.5312
293,877,15.3891
295,877,27.6673
297,298,10.3874
297,308,5.20711
297,430,23.6924
297,741,27.0983
298,202,14.3137
298,297,10.3874
304,203,7.46587
304,209,18.1317
304,318,28.7514
308,297,5.20711
308,309,12.1569
308,442,22.4957
308,444,8.68198
308,741,19.5718
308,826,3.26777
308,833,21.4957
309,308,12.1569
309,312,4.59905
309,833,22.3614
312,309,4.59905
312,317,12.923
312,318,11.8291
317,312,12.923
317,318,28.0711
317,733,15.0815
317,746,11.4497
317,833,14.7114
317,852,26.3891
318,304,28.7514
318,312,11.8291
318,317,28.0711
318,326,4.97487
318,740,18.0962
318,741,18.8366
326,209,15.8137
326,225,16.4853
326,318,4.97487
326,740,23.0919
332,224,7.36396
332,227,16.9853
332,246,17.7782
332,333,22.4853
332,335,21.7028
332,739,36.7383
332,740,8.21751
333,332,22.4853
333,335,19.8388
333,740,24.0312
333,745,11.682
335,246,16.4749
335,332,21.7028
335,333,19.8388
335,336,22.5962
335,349,33.8597
336,246,8.42462
336,335,22.5962
336,338,13.253
336,339,7.3033
336,349,12.1569
338,248,10.2426
338,336,13.253
338,339,12.1066
339,248,17.1317
339,336,7.3033
339,338,12.1066
339,340,14.4497
339,349,13.8033
339,357,7.51041
340,248,25.8744
340,271,27.4853
340,339,14.4497
340,343,11.182
340,363,12.9497
340,364,17.7175
340,757,15.0459
343,293,13.1673
343,340,11.182
343,364,9.3033
343,757,11.0962
349,335,33.8597
349,336,12.1569
349,339,13.8033
349,353,10.3891
349,371,9.71751
349,749,23.5962
353,349,10.3891
353,357,13.6673
353,363,7.32843
353,371,12.9749
357,339,7.51041
357,353,13.6673
357,363,12.0104
363,340,12.9497
363,353,7.32843
363,357,12.0104
363,364,22.3744
363,365,35.6525
363,751,26.5815
364,293,21.5312
364,340,17.7175
364,343,9.3033
364,363,22.3744
364,365,16.0711
364,877,22.8744
365,363,35.6525
365,364,16.0711
365,367,10.6317
367,365,10.6317
367,390,14.3137
367,876,15.4497
367,877,18.6066
371,349,9.71751
371,353,12.9749
371,749,14.1673
371,750,6.85355
371,751,6.44975
390,367,14.3137
390,876,10.182
390,877,13.2426
392,393,26.6421
392,408,21.4706
392,466,35.9706
392,467,13.9246
392,798,18.3995
392,799,13.5104
393,392,26.6421
393,467,14.5711
393,796,8.68198
396,399,11.6924
396,472,45.9056
396,793,13.3033
399,396,11.6924
399,400,11.7426
399,472,4.20711
399,785,13.2426
399,793,10.7782
400,399,11.7426
400,411,16.5962
400,416,12.7175
400,785,11.0459
400,793,16.8388
408,392,21.4706
408,463,22.7886
408,796,7.91421
411,400,16.5962
411,462,13.6066
411,463,10.0607
411,483,42.2279
411,803,15.182
416,400,12.7175
416,420,11.4497
416,423,12.364
420,140,16.0208
420,416,11.4497
420,423,10.364
420,785,5.18198
423,140,21.1569
423,141,13.7279
423,416,12.364
423,420,10.364
423,483,11.4246
423,818,27.4602
425,454,18.0104
425,818,20.9497
425,819,10.8995
425,820,25.9957
426,106,5.56066
426,141,26.3995
426,142,12.6066
426,819,14.8891
428,142,18.2279
428,429,21.0711
428,430,18.3033
428,432,12.8137
429,428,21.0711
429,430,31.3848
429,442,7.26777
429,819,24.6066
429,826,17.253
430,297,23.6924
430,428,18.3033
430,429,31.3848
430,432,13.4749
432,142,8.35355
432,160,21.8137
432,202,16.5962
432,428,12.8137
432,430,13.4749
432,792,20.2635
442,308,22.4957
442,429,7.26777
442,826,19.8744
444,308,8.68198
444,826,14.2175
444,833,17.4602
454,425,18.0104
454,460,11.1213
454,816,13.4749
454,820,17.8995
460,454,11.1213
460,483,10.9497
460,815,15.9246
462,411,13.6066
462,799,14.364
462,803,12.6317
463,408,22.7886
463,411,10.0607
466,392,35.9706
466,467,29.1421
466,798,18.4246
467,392,13.9246
467,393,14.5711
467,466,29.1421
472,396,45.9056
472,399,4.20711
472,787,21.6066
473,91,11.2336
473,475,8.68198
473,907,13.2426
473,908,11.4518
475,105,11.4142
475,106,3.82843
475,473,8.68198
475,780,6.68198
483,411,42.2279
483,423,11.4246
483,460,10.9497
483,803,19.4246
483,815,13.3995
483,818,18.7175
486,803,15.6569
486,813,14.6673
486,814,15.0459
495,499,12.2426
495,814,11.2678
498,499,19.5208
498,509,16.7426
498,816,25.1924
498,825,26.5312
499,495,12.2426
499,498,19.5208
499,500,15.5459
499,502,2.5
499,816,14.2426
500,499,15.5459
500,502,20.4099
500,703,12.1213
500,842,18.0355
500,880,23.1777
500,881,14.6673
502,499,2.5
502,500,20.4099
502,842,11.4246
503,583,16.7426
503,841,19.4853
503,842,26.3033
509,498,16.7426
509,816,20.5104
509,825,27.617
531,46,13.0962
531,280,26.7028
531,283,10.3891
534,752,27.4602
534,756,12.9246
534,766,6.88909
547,841,24.3033
547,842,26.1421
548,549,11.4246
548,551,15.8891
548,576,2.67228
548,832,14.0459
548,841,21.0815
548,844,9.9384
549,548,11.4246
549,829,11.4749
549,832,16.435
551,548,15.8891
551,555,16.6232
551,556,28.8408
551,576,9.3033
551,841,36.7028
555,551,16.6232
555,556,23.5215
555,561,9.03553
555,562,24.3137
555,575,24.8848
555,576,13.7514
556,551,28.8408
556,555,23.5215
556,561,14.7782
561,555,9.03553
561,556,14.7782
561,562,18.7886
561,563,17.5711
562,555,24.3137
562,561,18.7886
562,563,20.3744
562,594,17.3492
563,561,17.5711
563,562,20.3744
563,594,15.753
563,626,13.8284
563,632,4.88909
565,568,14.9602
565,626,34.753
568,565,14.9602
568,626,10.1924
568,638,11.7426
570,571,20.0459
570,650,16.0962
571,570,20.0459
571,572,12.0459
571,650,32.3241
572,571,12.0459
572,573,17.3388
572,650,11.5962
573,572,17.3388
573,662,20.253
573,867,11.864
575,555,24.8848
575,576,9.47487
575,597,20.1673
575,850,19.9602
575,851,26.3597
576,548,2.67228
576,551,9.3033
576,555,13.7514
576,575,9.47487
576,844,10.05
583,503,16.7426
583,825,4.68198
583,829,6.44975
583,841,9.74264
594,562,17.3492
594,563,15.753
594,597,7.59619
597,575,20.1673
597,594,7.59619
597,604,6.74264
604,597,6.74264
604,605,16.4142
604,912,16.5711
605,604,16.4142
605,634,3.47487
605,863,11.0962
605,912,22.8388
625,650,31.6673
625,662,10.4749
625,864,29.4454
625,865,16.0104
626,563,13.8284
626,565,34.753
626,568,10.1924
626,632,31.3744
626,638,6.06066
632,563,4.88909
632,626,31.3744
634,605,3.47487
634,864,10.9246
638,568,11.7426
638,626,6.06066
650,570,16.0962
650,571,32.3241
650,572,11.5962
650,625,31.6673
650,662,15.8388
658,662,9.8033
658,867,15.0607
662,573,20.253
662,625,10.4749
662,650,15.8388
662,658,9.8033
662,867,22.8388
666,867,13.253
676,677,9.97487
676,689,5.06066
676,813,14.8744
677,676,9.97487
677,678,13.4749
677,812,6.12132
677,813,22.5815
678,677,13.4749
678,803,16.0815
678,812,17.0563
678,813,11.9497
689,676,5.06066
689,813,14.5104
689,814,21.8995
689,879,22.6924
690,691,6.94975
690,879,9.47487
691,690,6.94975
703,500,12.1213
703,879,13.753
703,880,14.0104
733,317,15.0815
733,734,17.3388
733,746,19.2782
734,733,17.3388
734,740,13.8891
734,745,8.97487
734,746,12.0711
739,224,16.6569
739,225,11.2175
739,332,36.7383
739,740,20.0711
740,318,18.0962
740,326,23.0919
740,332,8.21751
740,333,24.0312
740,734,13.8891
740,739,20.0711
741,297,27.0983
741,308,19.5718
741,318,18.8366
745,333,11.682
745,734,8.97487
745,746,17.8388
745,749,15.4602
746,317,11.4497
746,733,19.2782
746,734,12.0711
746,745,17.8388
746,852,16.935
746,856,29.5459
749,349,23.5962
749,371,14.1673
749,745,15.4602
749,750,18.3137
749,859,38.6673
750,371,6.85355
750,749,18.3137
750,751,27.2132
750,859,27.1924
751,363,26.5815
751,371,6.44975
751,750,27.2132
752,252,30.3492
752,253,34.6777
752,534,27.4602
752,753,10.9246
752,755,12.9246
752,756,14.5459
752,766,26.2279
753,245,14.2936
753,252,5.56066
753,752,10.9246
753,754,23.4123
753,755,36.6557
753,769,9.70711
754,245,52.4378
754,246,6.32843
754,248,17.9853
754,271,16.1924
754,753,23.4123
754,755,43.9364
755,752,12.9246
755,753,36.6557
755,754,43.9364
755,756,47.6848
755,757,26.0815
756,256,27.9076
756,534,12.9246
756,752,14.5459
756,755,47.6848
757,265,28.0815
757,340,15.0459
757,343,11.0962
757,755,26.0815
758,58,32.3995
758,165,15.0459
758,167,33.0459
758,760,13.0962
760,49,12.3995
760,51,14.7175
760,53,12.4853
760,58,5.8033
760,59,27.435
760,167,23.3137
760,168,18.1924
760,758,13.0962
762,45,28.9099
762,46,31.6777
762,48,36.3848
762,763,12.8891
762,765,21.0459
763,48,20.5459
763,169,27.3744
763,177,5.06066
763,762,12.8891
763,764,29.8492
763,768,5.74264
764,284,18.3388
764,763,29.8492
764,765,6.68198
764,768,26.753
765,280,16.753
765,284,19.7886
765,762,21.0459
765,764,6.68198
766,253,17.2782
766,285,22.8995
766,534,6.88909
766,752,26.2279
768,177,18.6066
768,253,32.8995
768,284,18.3891
768,288,25.8137
768,763,5.74264
768,764,26.753
768,769,18.3744
769,252,13.182
769,253,13.2782
769,753,9.70711
769,768,18.3744
771,176,7.53553
771,242,20.1317
771,245,16.6737
774,165,45.2782
774,185,24.4602
774,190,11.6569
774,197,21.8088
774,775,11.1471
775,164,10.1981
775,197,23.4827
775,209,33.2175
775,225,10.9853
775,774,11.1471
775,776,13.8995
776,224,11.6317
776,225,19.2678
776,775,13.8995
776,777,12.9675
777,221,22.6509
777,224,22.3033
777,776,12.9675
777,778,8.68198
778,221,12.8865
778,224,16.1066
778,236,10.6518
778,238,20.8794
778,246,0.707107
778,777,8.68198
779,105,9.74264
779,119,9.8033
779,122,34.9775
779,153,25.8122
779,161,13.8994
779,792,15.1673
780,91,43.7706
780,93,4.70711
780,105,43.8602
780,475,6.68198
780,781,17.5208
781,17,15.0962
781,86,14.4246
781,93,21.9853
781,98,34.7383
781,103,16.9853
781,780,17.5208
784,98,13.1066
784,99,15.6213
784,119,17.3744
784,122,20.3388
785,140,9.12132
785,399,13.2426
785,400,11.0459
785,420,5.18198
785,787,11.682
787,140,1.20711
787,472,21.6066
787,785,11.682
787,907,19.9957
792,142,15.6066
792,432,20.2635
792,779,15.1673
793,396,13.3033
793,399,10.7782
793,400,16.8388
793,796,11.7175
796,393,8.68198
796,408,7.91421
796,793,11.7175
798,392,18.3995
798,466,18.4246
798,799,20.6421
798,804,16.7175
798,811,13.2426
799,392,13.5104
799,462,14.364
799,798,20.6421
799,804,13.8033
803,411,15.182
803,462,12.6317
803,483,19.4246
803,486,15.6569
803,678,16.0815
803,813,21.2426
804,798,16.7175
804,799,13.8033
811,798,13.2426
811,812,15.9602
812,677,6.12132
812,678,17.0563
812,811,15.9602
813,486,14.6673
813,676,14.8744
813,677,22.5815
813,678,11.9497
813,689,14.5104
813,803,21.2426
813,814,27.6569
814,486,15.0459
814,495,11.2678
814,689,21.8995
814,813,27.6569
814,815,2.06066
814,816,12.5711
815,460,15.9246
815,483,13.3995
815,814,2.06066
815,816,25.9099
816,454,13.4749
816,498,25.1924
816,499,14.2426
816,509,20.5104
816,814,12.5711
816,815,25.9099
818,423,27.4602
818,425,20.9497
818,483,18.7175
819,425,10.8995
819,426,14.8891
819,429,24.6066
819,820,17.2426
820,425,25.9957
820,454,17.8995
820,819,17.2426
825,498,26.5312
825,509,27.617
825,583,4.68198
825,826,21.0919
825,829,23.1317
826,308,3.26777
826,429,17.253
826,442,19.8744
826,444,14.2175
826,825,21.0919
826,827,18.0962
826,829,11.4749
827,826,18.0962
827,829,10.1924
827,832,4.26777
827,833,16.7886
829,549,11.4749
829,583,6.44975
829,825,23.1317
829,826,11.4749
829,827,10.1924
829,841,19.9749
832,548,14.0459
832,549,16.435
832,827,4.26777
832,833,25.3443
832,834,6.64715
832,844,8.05001
832,850,24.5633
833,308,21.4957
833,309,22.3614
833,317,14.7114
833,444,17.4602
833,827,16.7886
833,832,25.3443
833,834,27.3785
834,832,6.64715
834,833,27.3785
841,503,19.4853
841,547,24.3033
841,548,21.0815
841,551,36.7028
841,583,9.74264
841,829,19.9749
841,842,17.8744
842,500,18.0355
842,502,11.4246
842,503,26.3033
842,547,26.1421
842,841,17.8744
842,881,20.5815
844,548,9.9384
844,576,10.05
844,832,8.05001
850,575,19.9602
850,832,24.5633
850,851,24.864
850,852,26.7383
851,575,26.3597
851,850,24.864
851,852,7.97487
851,912,13.5962
852,317,26.3891
852,746,16.935
852,850,26.7383
852,851,7.97487
852,856,32.4454
856,746,29.5459
856,852,32.4454
856,857,44.0668
856,859,20.1924
857,856,44.0668
857,858,21.3744
857,859,13.3388
857,861,6.94975
857,912,15.9749
858,857,21.3744
858,859,21.8995
858,860,15.753
858,861,11.7426
859,749,38.6673
859,750,27.1924
859,856,20.1924
859,857,13.3388
859,858,21.8995
860,858,15.753
860,863,14.4602
860,864,4.41421
861,857,6.94975
861,858,11.7426
861,863,3.26777
861,912,15.5104
863,605,11.0962
863,860,14.4602
863,861,3.26777
863,864,40.7739
863,912,15.6924
864,625,29.4454
864,634,10.9246
864,860,4.41421
864,863,40.7739
864,865,20.3388
865,625,16.0104
865,864,20.3388
867,573,11.864
867,658,15.0607
867,662,22.8388
867,666,13.253
876,367,15.4497
876,390,10.182
877,293,15.3891
877,295,27.6673
877,364,22.8744
877,367,18.6066
877,390,13.2426
879,689,22.6924
879,690,9.47487
879,703,13.753
879,880,18.6569
880,500,23.1777
880,703,14.0104
880,879,18.6569
880,881,17.5355
881,500,14.6673
881,842,20.5815
881,880,17.5355
883,6,40.3492
883,7,39.3241
883,9,16.1066
883,50,29.3241
883,51,18.864
887,4,41.7383
887,34,16.5365
887,888,16.5459
887,893,9.51041
887,896,44.5668
888,4,12.2782
888,887,16.5459
888,905,17.1066
888,906,10.2175
893,72,9.65685
893,887,9.51041
893,906,15.9497
896,9,21.7635
896,22,32.617
896,25,15.253
896,76,7.71751
896,887,44.5668
897,16,14.1924
897,68,26.5208
905,888,17.1066
905,906,24.7175
906,14,12.1569
906,69,18.5208
906,72,19.182
906,888,10.2175
906,893,15.9497
906,905,24.7175
907,106,18.3995
907,140,22.8744
907,473,13.2426
907,787,19.9957
908,89,21.4497
908,91,48.5473
908,473,11.4518
912,604,16.5711
912,605,22.8388
912,851,13.5962
912,857,15.9749
912,861,15.5104
912,863,15.6924
